2410.00037
2212.04356
2210.13438
2204.02152
1904.02882
2503.20215
2010.05646
2403.03100
2412.02612
2308.16692
2503.01710
2504.18425
2006.04558
2409.00750
2407.21783
2407.10759
2505.17589
2303.08774
2210.02747
2408.16725
2502.04128
2306.00814
1711.05101
2409.06666
2406.05370
2410.21276
2206.04658
2411.00774
2407.05361
2412.15115
2408.16532
2312.15185
2305.11000
2209.03143
2410.17196
1912.06670
2311.07919
2406.04904
2406.18009
2409.03283
2505.09388
2005.07143
2409.05377
2302.13971
2305.02765
2403.16973
2502.11946
2304.09116
2501.06282
2303.03926
2207.12598
2507.06261
2305.09636
2012.03411
1412.6980
1712.05884
2411.13577
2402.01912
2407.04051
2305.07243
2306.12925
1609.03499
2501.12948
2411.19842
2407.08551
1703.10135
2502.17239
2312.05187
2402.08093
2402.05755
2507.16632
2106.15561
2310.00704
2106.06909
2411.01156
2309.15505
2206.08317
2505.07916
2412.19437
2410.11190
2410.03751
2104.00355
2402.03300
2412.15649
2502.06490
2310.13289
2105.06337
2502.05512
2502.07243
2406.07855
2410.17799
2504.08528
2312.15821
2411.09943
2411.18803
1810.04805
2502.05139
2506.13053
2401.07333
2312.11805
2505.02625
2307.09288
2005.14165
2406.05551
2502.18924
2106.04624
2407.10671
2406.14294
2411.17607
2408.02622
2410.19168
2301.12503
2402.07729
2507.08128
2501.15368
2506.16381
2505.03739
2309.16609
2506.10274
2305.15255
2507.23159
2308.11596
2408.01800
2408.05211
2501.01957
2412.04724
2503.01743
2406.00654
2404.03204
2505.13000
1510.08484
2308.05725
2301.11325
2503.14345
2312.01479
2508.04195
2402.13236
1808.10583
2007.10310
2302.00482
2505.09558
2503.19786
2506.02863
2509.08753
2002.05202
2504.10344
2504.02407
1908.06248
2508.13992
2510.14664
2501.07246
2001.08361
2412.08635
2507.12705
2505.14648
2511.15848
2510.07838
1607.06450
2511.09690
2312.10997
2506.07900
2308.10248
